Reseau de bornes: Reseau_Electrique_Canada
13
Liste des bornes:
1
2
3
4
5
6
7
8
9
10
11
12
13
Liste des trajets:
1
2
114.6 72 -5.0
2
3
122.6 70 9.03
3
6
167.3 80 -2.5
6
9
450.0 250 24.0
9
11
68.0 45 6.0
11
12
130.0 40 -7.0
12
13
190.0 90 7.0
9
10
410.0 200 8.0
3
8
290.0 140 13.0
8
9
260.0 120 10.0
8
12
350.0 200 12.0
1
4
150.0 40 12.0
4
3
155.0 41 -3.0
3
7
220.0 90 6.0
7
6
12.0 8 1.0
7
9
460.0 180 4.0
1
5
210.0 85 3.0
5
2
310.0 120 -10.0
10
9
410.0 200 6.0
9
8
260.0 120 10.0
12
9
205.0 110 15.0
